483070
1 17
2 15
3 0
4 24
5 13
6 19
7 9
8 0
9 22
10 7
11 3
12 11
13 9
14 6
15 20
16 9
17 2
18 20
19 4
20 9
21 22
22 22
23 20
24 15
25 24
26 4
27 22
28 14
29 6
30 19
31 21
32 23
33 12
34 2
35 9
36 8
37 20
38 24
39 4
40 7
41 8
42 10
43 7
44 23
45 11
46 22
47 1
48 9
49 9
50 22
51 17
52 8
53 10
54 17
55 1
56 17
57 16
58 1
59 6
60 13
61 4
62 6
63 6
64 1
65 8
66 24
67 9
68 21
69 1
70 0
71 3
72 1
73 20
74 10
75 1
76 16
77 21
78 21
79 5
80 8
81 21
82 13
83 5
84 18
85 7
86 17
87 11
88 12
89 18
90 20
91 15
92 15
93 10
94 18
95 8
96 17
97 24
98 7
99 24
100 23
101 11
102 21
103 23
104 23
105 24
106 0
107 12
108 12
109 2
110 8
111 4
112 6
113 5
114 14
115 10
116 18
117 11
118 2
119 0
120 2
121 13
122 18
123 10
124 12
125 13
126 22
127 10
128 24
129 7
130 6
131 8
132 12
133 18
134 10
135 24
136 5
137 17
138 7
139 22
140 7
141 5
142 11
143 15
144 7
145 5
146 4
147 14
148 2
149 23
150 5
151 5
152 11
153 2
154 3
155 20
156 8
157 1
158 1
159 14
160 17
161 9
162 11
163 10
164 5
165 0
166 21
167 17
168 14
169 1
170 15
171 8
172 0
173 15
174 14
175 21
176 13
177 20
178 17
179 10
180 19
181 3
182 2
183 16
184 15
185 21
186 12
187 17
188 21
189 6
190 17
191 18
192 13
193 20
194 17
195 0
196 14
197 22
198 20
199 21
200 10
201 18
202 0
203 24
204 0
205 9
206 13
207 20
208 21
209 15
210 4
211 6
212 0
213 7
214 2
215 15
216 10
217 21
218 16
219 2
220 14
221 24
222 23
223 11
224 5
225 9
226 15
227 3
228 10
229 7
230 19
231 19
232 5
233 11
234 21
235 3
236 19
237 23
238 24
239 19
240 3
241 7
242 18
243 19
244 18
245 21
246 18
247 7
248 4
249 23
250 4
251 11
252 2
253 0
254 16
255 18
256 11
257 20
258 13
259 18
260 5
261 12
262 14
263 16
264 10
265 6
266 13
267 1
268 15
269 20
270 23
271 22
272 6
273 15
274 5
275 11
276 23
277 24
278 23
279 19
280 15
281 22
282 12
283 7
284 11
285 20
286 9
287 8
288 3
289 24
290 2
291 2
292 19
293 13
294 15
295 15
296 8
297 2
298 10
299 14
300 15
301 5
302 5
303 15
304 9
305 13
306 14
307 23
308 6
309 22
310 19
311 9
312 6
313 20
314 24
315 8
316 3
317 22
318 8
319 15
320 9
321 18
322 3
323 3
324 13
325 9
326 17
327 9
328 9
329 6
330 23
331 19
332 3
333 15
334 8
335 9
336 23
337 10
338 12
339 4
340 0
341 0
342 19
343 11
344 17
345 17
346 22
347 8
348 22
349 10
350 16
351 0
352 17
353 12
354 0
355 1
356 7
357 8
358 17
359 17
360 23
361 2
362 11
363 4
364 1
365 21
366 18
367 19
368 4
369 16
370 15
371 17
372 15
373 1
374 11
375 15
376 10
377 3
378 5
379 14
380 20
381 15
382 8
383 12
384 14
385 17
386 6
387 11
388 2
389 19
390 3
391 6
392 6
393 3
394 10
395 3
396 13
397 3
398 5
399 0
400 24
401 6
402 15
403 9
404 19
405 6
406 1
407 0
408 4
409 16
410 12
411 12
412 8
413 9
414 9
415 12
416 5
417 17
418 22
419 13
420 2
421 23
422 2
423 21
424 18
425 4
426 23
427 6
428 13
429 21
430 3
431 20
432 9
433 5
434 20
435 22
436 9
437 9
438 22
439 0
440 22
441 13
442 0
443 5
444 24
445 4
446 21
447 6
448 1
449 21
450 2
451 20
452 7
453 23
454 20
455 0
456 16
457 1
458 21
459 12
460 17
461 10
462 2
463 7
464 6
465 9
466 19
467 5
468 10
469 18
470 6
471 8
472 21
473 9
474 5
475 9
476 14
477 0
478 18
479 21
480 16
481 8
482 17
483 19
484 8
485 3
486 18
487 13
488 7
489 14
490 11
491 7
492 18
493 15
494 4
495 15
496 14
497 7
498 5
499 3
500 14
501 16
502 7
503 0
504 5
505 8
506 12
507 15
508 4
509 12
510 3
511 11
512 6
513 2
514 12
515 4
516 1
517 19
518 21
519 19
520 19
521 11
522 5
523 15
524 19
525 9
526 3
527 16
528 3
529 15
530 19
531 11
532 8
533 4
534 14
535 7
536 3
537 18
538 21
539 16
540 12
541 4
542 17
543 21
544 19
545 21
546 3
547 21
548 12
549 1
550 14
551 10
552 18
553 5
554 7
555 23
556 16
557 9
558 1
559 2
560 24
561 2
562 2
563 10
564 23
565 7
566 16
567 11
568 24
569 5
570 6
571 4
572 9
573 14
574 6
575 15
576 4
577 5
578 0
579 18
580 4
581 9
582 22
583 16
584 23
585 9
586 23
587 5
588 3
589 13
590 12
591 20
592 9
593 4
594 22
595 19
596 17
597 15
598 22
599 17
600 23
601 1
602 13
603 8
604 6
605 16
606 2
607 4
608 2
609 5
610 2
611 4
612 9
613 10
614 7
615 14
616 21
617 22
618 20
619 21
620 13
621 8
622 13
623 2
624 12
625 5
626 24
627 16
628 14
629 0
630 22
631 21
632 24
633 19
634 19
635 17
636 4
637 3
638 1
639 20
640 19
641 14
642 14
643 13
644 23
645 4
646 8
647 18
648 4
649 14
650 19
651 24
652 19
653 23
654 14
655 21
656 20
657 12
658 9
659 17
660 23
661 18
662 10
663 2
664 23
665 8
666 8
667 13
668 19
669 9
670 17
671 17
672 14
673 12
674 13
675 2
676 2
677 4
678 8
679 19
680 24
681 12
682 7
683 13
684 8
685 6
686 24
687 10
688 18
689 15
690 9
691 14
692 23
693 9
694 9
695 8
696 19
697 8
698 9
699 2
700 3
701 20
702 5
703 6
704 1
705 7
706 19
707 9
708 5
709 16
710 20
711 17
712 22
713 6
714 0
715 0
716 13
717 17
718 19
719 8
720 11
721 22
722 15
723 12
724 7
725 8
726 1
727 14
728 14
729 18
730 15
731 10
732 16
733 7
734 18
735 5
736 6
737 11
738 20
739 2
740 20
741 14
742 5
743 20
744 2
745 12
746 7
747 20
748 17
749 2
750 11
751 1
752 15
753 0
754 9
755 20
756 0
757 15
758 13
759 11
760 15
761 6
762 6
763 19
764 6
765 11
766 8
767 16
768 8
769 11
770 3
771 14
772 5
773 6
774 16
775 13
776 18
777 15
778 17
779 20
780 2
781 4
782 3
783 14
784 3
785 15
786 15
787 20
788 19
789 10
790 11
791 0
792 1
793 15
794 20
795 16
796 13
797 6
798 19
799 18
800 18
801 24
802 15
803 7
804 3
805 13
806 12
807 2
808 18
809 3
810 14
811 6
812 8
813 10
814 23
815 13
816 7
817 10
818 6
819 24
820 12
821 9
822 23
823 20
824 14
825 11
826 9
827 8
828 18
829 12
830 2
831 9
832 12
833 19
834 7
835 8
836 11
837 13
838 10
839 2
840 1
841 12
842 0
843 8
844 14
845 20
846 0
847 2
848 19
849 0
850 23
851 11
852 0
853 9
854 15
855 18
856 11
857 19
858 16
859 13
860 21
861 9
862 17
863 23
864 4
865 11
866 11
867 6
868 20
869 6
870 16
871 6
872 17
873 0
874 1
875 22
876 19
877 11
878 22
879 19
880 22
881 21
882 23
883 1
884 17
885 11
886 19
887 23
888 3
889 8
890 9
891 21
892 16
893 14
894 16
895 4
896 23
897 2
898 20
899 16
900 0
901 13
902 9
903 19
904 18
905 14
906 19
907 19
908 10
909 16
910 20
911 21
912 1
913 18
914 10
915 3
916 6
917 0
918 17
919 16
920 24
921 23
922 5
923 16
924 1
925 22
926 15
927 15
928 9
929 8
930 3
931 1
932 11
933 18
934 3
935 16
936 0
937 10
938 7
939 2
940 24
941 16
942 11
943 17
944 23
945 7
946 5
947 7
948 12
949 5
950 8
951 21
952 16
953 1
954 12
955 13
956 7
957 4
958 23
959 20
960 5
961 23
962 3
963 9
964 12
965 2
966 17
967 6
968 17
969 2
970 9
971 1
972 13
973 15
974 21
975 10
976 13
977 21
978 15
979 12
980 5
981 18
982 9
983 11
984 8
985 22
986 4
987 15
988 11
989 12
990 14
991 10
992 6
993 0
994 16
995 8
996 5
997 16
998 4
999 16
1000 17
1001 18
1002 19
1003 12
1004 18
1005 16
1006 5
1007 24
1008 23
1009 6
1010 13
1011 21
1012 5
1013 21
1014 0
1015 22
1016 14
1017 13
1018 17
1019 9
1020 10
1021 15
1022 3
1023 3
1024 14
1025 18
1026 16
1027 2
1028 16
1029 14
1030 3
1031 11
1032 20
1033 19
1034 13
1035 8
1036 22
1037 1
1038 21
1039 10
1040 13
1041 3
1042 4
1043 6
1044 18
1045 3
1046 7
1047 20
1048 6
1049 12
1050 6
1051 14
1052 3
1053 23
1054 20
1055 12
1056 18
1057 16
1058 0
1059 22
1060 20
1061 4
1062 19
1063 11
1064 10
1065 6
1066 13
1067 0
1068 3
1069 3
1070 12
1071 20
1072 22
1073 20
1074 21
1075 10
1076 9
1077 18
1078 10
1079 16
1080 18
1081 23
1082 18
1083 9
1084 24
1085 14
1086 11
1087 9
1088 22
1089 5
1090 1
1091 22
1092 8
1093 1
1094 10
1095 16
1096 24
1097 12
1098 1
1099 9
1100 17
1101 20
1102 24
1103 6
1104 18
1105 22
1106 7
1107 18
1108 0
1109 24
1110 9
1111 12
1112 0
1113 14
1114 18
1115 22
1116 16
1117 3
1118 14
1119 11
1120 9
1121 6
1122 23
1123 3
1124 0
1125 16
1126 20
1127 3
1128 5
1129 7
1130 8
1131 6
1132 8
1133 7
1134 0
1135 24
1136 11
1137 8
1138 4
1139 18
1140 5
1141 13
1142 22
1143 2
1144 24
1145 14
1146 1
1147 12
1148 12
1149 13
1150 13
1151 3
1152 8
1153 4
1154 3
1155 17
1156 15
1157 16
1158 4
1159 17
1160 19
1161 18
1162 18
1163 19
1164 9
1165 5
1166 24
1167 7
1168 2
1169 20
1170 1
1171 22
1172 20
1173 8
1174 6
1175 16
1176 8
1177 18
1178 1
1179 13
1180 14
1181 15
1182 15
1183 9
1184 21
1185 22
1186 8
1187 5
1188 1
1189 18
1190 18
1191 8
1192 17
1193 18
1194 24
1195 7
1196 24
1197 2
1198 14
1199 3
1200 13
1201 21
1202 10
1203 17
1204 4
1205 14
1206 24
1207 8
1208 8
1209 19
1210 4
1211 21
1212 9
1213 22
1214 8
1215 6
1216 4
1217 2
1218 9
1219 3
1220 6
1221 9
1222 21
1223 18
1224 3
1225 0
1226 23
1227 4
1228 19
1229 24
1230 13
1231 6
1232 10
1233 13
1234 20
1235 19
1236 24
1237 5
1238 15
1239 9
1240 3
1241 7
1242 2
1243 7
1244 18
1245 8
1246 18
1247 2
1248 4
1249 15
1250 20
1251 3
1252 22
1253 9
1254 20
1255 24
1256 10
1257 7
1258 13
1259 14
1260 23
1261 6
1262 8
1263 0
1264 3
1265 19
1266 7
1267 22
1268 23
1269 21
1270 1
1271 4
1272 6
1273 15
1274 20
1275 21
1276 19
1277 15
1278 19
1279 19
1280 5
1281 16
1282 14
1283 21
1284 14
1285 14
1286 0
1287 7
1288 11
1289 6
1290 5
1291 0
1292 15
1293 5
1294 10
1295 12
1296 3
1297 18
1298 10
1299 24
1300 24
1301 1
1302 16
1303 4
1304 7
1305 21
1306 22
1307 0
1308 16
1309 16
1310 23
1311 8
1312 7
1313 16
1314 17
1315 15
1316 23
1317 10
1318 11
1319 3
1320 3
1321 24
1322 21
1323 10
1324 24
1325 9
1326 0
1327 4
1328 13
1329 2
1330 15
1331 8
1332 15
1333 1
1334 0
1335 13
1336 2
1337 24
1338 14
1339 20
1340 12
1341 11
1342 22
1343 18
1344 6
1345 15
1346 23
1347 15
1348 8
1349 9
1350 8
1351 0
1352 23
1353 9
1354 1
1355 5
1356 21
1357 4
1358 20
1359 22
1360 16
1361 18
1362 0
1363 24
1364 22
1365 7
1366 22
1367 3
1368 12
1369 15
1370 24
1371 22
1372 22
1373 24
1374 24
1375 12
1376 16
1377 22
1378 9
1379 7
1380 13
1381 2
1382 11
1383 1
1384 7
1385 0
1386 22
1387 14
1388 7
1389 12
1390 15
1391 8
1392 18
1393 13
1394 11
1395 5
1396 14
1397 21
1398 11
1399 2
1400 13
1401 0
1402 9
1403 24
1404 19
1405 6
1406 15
1407 23
1408 19
1409 16
1410 21
1411 16
1412 3
1413 5
1414 21
1415 15
1416 8
1417 7
1418 9
1419 5
1420 3
1421 23
1422 18
1423 21
1424 18
1425 22
1426 20
1427 4
1428 24
1429 22
1430 22
1431 23
1432 12
1433 1
1434 21
1435 9
1436 19
1437 1
1438 6
1439 3
1440 16
1441 13
1442 4
1443 18
1444 10
1445 18
1446 17
1447 15
1448 11
1449 14
1450 15
1451 8
1452 6
1453 23
1454 10
1455 24
1456 6
1457 2
1458 20
1459 21
1460 23
1461 24
1462 0
1463 21
1464 5
1465 10
1466 9
1467 14
1468 11
1469 22
1470 8
1471 6
1472 9
1473 17
1474 15
1475 14
1476 15
1477 8
1478 18
1479 10
1480 21
1481 18
1482 3
1483 13
1484 22
1485 16
1486 15
1487 18
1488 12
1489 5
1490 4
1491 12
1492 19
1493 7
1494 8
1495 20
1496 13
1497 4
1498 15
1499 12
1500 21
1501 20
1502 24
1503 5
1504 4
1505 16
1506 7
1507 21
1508 22
1509 22
1510 11
1511 0
1512 4
1513 11
1514 13
1515 12
1516 5
1517 17
1518 7
1519 9
1520 22
1521 24
1522 22
1523 24
1524 0
1525 7
1526 23
1527 2
1528 12
1529 19
1530 5
1531 10
1532 22
1533 15
1534 7
1535 21
1536 1
1537 13
1538 1
1539 16
1540 8
1541 2
1542 16
1543 1
1544 21
1545 7
1546 17
1547 20
1548 2
1549 24
1550 18
1551 14
1552 24
1553 16
1554 21
1555 5
1556 15
1557 0
1558 7
1559 13
1560 10
1561 13
1562 12
1563 4
1564 24
1565 13
1566 3
1567 4
1568 20
1569 9
1570 5
1571 5
1572 16
1573 0
1574 23
1575 14
1576 4
1577 13
1578 24
1579 8
1580 12
1581 13
1582 1
1583 5
1584 4
1585 22
1586 22
1587 10
1588 12
1589 6
1590 3
1591 7
1592 2
1593 24
1594 24
1595 18
1596 11
1597 18
1598 5
1599 0
1600 1
1601 6
1602 16
1603 9
1604 11
1605 20
1606 12
1607 9
1608 6
1609 7
1610 6
1611 9
1612 11
1613 12
1614 7
1615 11
1616 9
1617 2
1618 9
1619 7
1620 1
1621 15
1622 21
1623 12
1624 18
1625 18
1626 13
1627 15
1628 23
1629 9
1630 4
1631 2
1632 3
1633 10
1634 2
1635 20
1636 11
1637 11
1638 24
1639 17
1640 21
1641 22
1642 11
1643 2
1644 4
1645 13
1646 10
1647 18
1648 7
1649 10
1650 14
1651 2
1652 18
1653 7
1654 20
1655 19
1656 24
1657 16
1658 13
1659 16
1660 3
1661 13
1662 8
1663 0
1664 11
1665 1
1666 12
1667 21
1668 2
1669 2
1670 0
1671 5
1672 14
1673 2
1674 24
1675 2
1676 19
1677 12
1678 14
1679 23
1680 7
1681 1
1682 19
1683 10
1684 23
1685 24
1686 12
1687 17
1688 18
1689 19
1690 1
1691 5
1692 11
1693 8
1694 0
1695 24
1696 23
1697 14
1698 24
1699 18
1700 11
1701 10
1702 2
1703 1
1704 10
1705 21
1706 9
1707 0
1708 2
1709 3
1710 12
1711 6
1712 7
1713 21
1714 20
1715 18
1716 12
1717 15
1718 19
1719 11
1720 15
1721 1
1722 20
1723 7
1724 13
1725 9
1726 15
1727 6
1728 17
1729 11
1730 3
1731 0
1732 22
1733 6
1734 15
1735 17
1736 20
1737 8
1738 13
1739 14
1740 6
1741 10
1742 12
1743 14
1744 3
1745 10
1746 23
1747 22
1748 1
1749 9
1750 22
1751 5
1752 4
1753 1
1754 1
1755 11
1756 7
1757 16
1758 4
1759 4
1760 2
1761 15
1762 7
1763 13
1764 23
1765 12
1766 14
1767 5
1768 20
1769 22
1770 5
1771 7
1772 15
1773 11
1774 22
1775 14
1776 22
1777 2
1778 9
1779 3
1780 8
1781 4
1782 21
1783 8
1784 1
1785 11
1786 3
1787 8
1788 1
1789 11
1790 3
1791 14
1792 7
1793 2
1794 2
1795 21
1796 14
1797 10
1798 22
1799 4
1800 8
1801 19
1802 7
1803 12
1804 20
1805 2
1806 2
1807 23
1808 12
1809 6
1810 11
1811 18
1812 20
1813 5
1814 3
1815 7
1816 21
1817 8
1818 8
1819 16
1820 15
1821 22
1822 11
1823 12
1824 16
1825 12
1826 13
1827 9
1828 8
1829 7
1830 10
1831 16
1832 12
1833 1
1834 5
1835 15
1836 7
1837 17
1838 22
1839 8
1840 4
1841 12
1842 4
1843 19
1844 11
1845 5
1846 12
1847 12
1848 20
1849 1
1850 24
1851 9
1852 20
1853 16
1854 14
1855 11
1856 11
1857 0
1858 15
1859 4
1860 3
1861 18
1862 2
1863 24
1864 19
1865 22
1866 16
1867 9
1868 6
1869 10
1870 8
1871 14
1872 3
1873 19
1874 14
1875 5
1876 5
1877 16
1878 6
1879 1
1880 12
1881 15
1882 1
1883 21
1884 17
1885 20
1886 11
1887 21
1888 7
1889 4
1890 22
1891 18
1892 7
1893 12
1894 6
1895 24
1896 23
1897 6
1898 22
1899 18
1900 19
1901 22
1902 24
1903 9
1904 7
1905 22
1906 14
1907 10
1908 17
1909 1
1910 17
1911 15
1912 7
1913 7
1914 21
1915 0
1916 22
1917 8
1918 20
1919 16
1920 23
1921 21
1922 15
1923 6
1924 7
1925 12
1926 11
1927 1
1928 14
1929 2
1930 7
1931 1
1932 12
1933 23
1934 11
1935 22
1936 21
1937 17
1938 8
1939 17
1940 2
1941 15
1942 9
1943 3
1944 2
1945 8
1946 5
1947 13
1948 7
1949 0
1950 15
1951 23
1952 15
1953 17
1954 16
1955 2
1956 3
1957 20
1958 22
1959 13
1960 6
1961 20
1962 22
1963 16
1964 7
1965 23
1966 7
1967 20
1968 1
1969 4
1970 15
1971 23
1972 6
1973 17
1974 14
1975 24
1976 21
1977 21
1978 22
1979 16
1980 9
1981 22
1982 23
1983 17
1984 18
1985 2
1986 16
1987 16
1988 7
1989 3
1990 2
1991 7
1992 10
1993 2
1994 18
1995 10
1996 17
1997 23
1998 3
1999 8
2000 10
2001 8
2002 19
2003 4
2004 15
2005 21
2006 17
2007 17
2008 11
2009 19
2010 23
2011 16
2012 3
2013 21
2014 15
2015 5
2016 5
2017 8
2018 13
2019 10
2020 16
2021 23
2022 16
2023 2
2024 21
2025 14
2026 9
2027 10
2028 13
2029 8
2030 3
2031 24
2032 22
2033 13
2034 20
2035 10
2036 2
2037 16
2038 1
2039 15
2040 6
2041 18
2042 12
2043 6
2044 16
2045 17
2046 10
2047 23
2048 17
2049 19
2050 24
2051 8
2052 23
2053 10
2054 18
2055 21
2056 23
2057 19
2058 7
2059 7
2060 4
2061 19
2062 14
2063 12
2064 24
2065 14
2066 8
2067 11
2068 17
2069 19
2070 4
2071 1
2072 16
2073 23
2074 10
2075 1
2076 0
2077 21
2078 11
2079 5
2080 9
2081 9
2082 2
2083 2
2084 9
2085 4
2086 11
2087 17
2088 12
2089 0
2090 9
2091 19
2092 0
2093 18
2094 21
2095 15
2096 17
2097 17
2098 19
2099 9
2100 13
2101 6
2102 7
2103 13
2104 17
2105 22
2106 7
2107 1
2108 4
2109 17
2110 7
2111 18
2112 22
2113 9
2114 22
2115 0
2116 14
2117 6
2118 22
2119 7
2120 6
2121 1
2122 23
2123 24
2124 10
2125 24
2126 0
2127 7
2128 14
2129 10
2130 19
2131 12
2132 10
2133 17
2134 4
2135 15
2136 7
2137 8
2138 23
2139 6
2140 22
2141 13
2142 0
2143 12
2144 23
2145 10
2146 19
2147 3
2148 23
2149 8
2150 5
2151 21
2152 9
2153 24
2154 10
2155 17
2156 6
2157 6
2158 13
2159 20
2160 7
2161 2
2162 13
2163 5
2164 6
2165 1
2166 14
2167 15
2168 2
2169 12
2170 20
2171 5
2172 0
2173 0
2174 21
2175 8
2176 17
2177 8
2178 1
2179 15
2180 4
2181 14
2182 23
2183 23
2184 10
2185 16
2186 1
2187 20
2188 19
2189 18
2190 12
2191 20
2192 17
2193 4
2194 0
2195 6
2196 14
2197 23
2198 18
2199 6
2200 1
2201 4
2202 18
2203 11
2204 0
2205 15
2206 12
2207 8
2208 24
2209 22
2210 20
2211 6
2212 20
2213 4
2214 24
2215 15
2216 9
2217 8
2218 18
2219 6
2220 5
2221 17
2222 17
2223 7
2224 11
2225 11
2226 17
2227 16
2228 3
2229 19
2230 10
2231 7
2232 5
2233 5
2234 10
2235 2
2236 5
2237 16
2238 17
2239 18
2240 21
2241 1
2242 23
2243 11
2244 0
2245 13
2246 10
2247 1
2248 17
2249 24
2250 10
2251 19
2252 20
2253 6
2254 12
2255 19
2256 13
2257 9
2258 6
2259 14
2260 9
2261 7
2262 8
2263 8
2264 11
2265 9
2266 8
2267 23
2268 18
2269 18
2270 16
2271 10
2272 16
2273 3
2274 19
2275 16
2276 12
2277 4
2278 15
2279 8
2280 19
2281 17
2282 10
2283 3
2284 13
2285 3
2286 2
2287 2
2288 17
2289 8
2290 14
2291 6
2292 15
2293 23
2294 24
2295 24
2296 3
2297 11
2298 14
2299 23
2300 1
2301 20
2302 14
2303 7
2304 18
2305 17
2306 18
2307 19
2308 21
2309 7
2310 15
2311 10
2312 9
2313 19
2314 4
2315 12
2316 4
2317 23
2318 7
2319 22
2320 22
2321 6
2322 2
2323 16
2324 12
2325 23
2326 17
2327 1
2328 4
2329 15
2330 18
2331 22
2332 23
2333 21
2334 8
2335 4
2336 0
2337 22
2338 11
2339 22
2340 23
2341 10
2342 23
2343 14
2344 1
2345 8
2346 1
2347 2
2348 12
2349 12
2350 4
2351 3
2352 16
2353 10
2354 5
2355 18
2356 14
2357 24
2358 15
2359 10
2360 15
2361 24
2362 7
2363 20
2364 23
2365 14
2366 23
2367 19
2368 12
2369 23
2370 18
2371 21
2372 8
2373 3
2374 16
2375 22
2376 24
2377 24
2378 17
2379 4
2380 0
2381 9
2382 11
2383 16
2384 6
2385 2
2386 12
2387 6
2388 8
2389 20
2390 16
2391 17
2392 5
2393 11
2394 21
2395 11
2396 16
2397 24
2398 0
2399 5
2400 4
2401 10
2402 11
2403 21
2404 14
2405 19
2406 14
2407 22
2408 21
2409 3
2410 7
2411 8
2412 12
2413 21
2414 9
2415 14
2416 24
2417 9
2418 10
2419 20
2420 11
2421 6
2422 2
2423 20
2424 14
2425 15
2426 10
2427 20
2428 23
2429 5
2430 10
2431 23
2432 18
2433 0
2434 1
2435 4
2436 15
2437 12
2438 0
2439 22
2440 23
2441 21
2442 7
2443 22
2444 5
2445 18
2446 0
2447 11
2448 1
2449 7
2450 5
2451 8
2452 24
2453 19
2454 7
2455 4
2456 3
2457 0
2458 0
2459 6
2460 5
2461 13
2462 19
2463 23
2464 14
2465 20
2466 2
2467 23
2468 20
2469 1
2470 22
2471 4
2472 5
2473 0
2474 0
2475 2
2476 16
2477 24
2478 18
2479 20
2480 24
2481 11
2482 8
2483 7
2484 20
2485 3
2486 14
2487 19
2488 21
2489 10
2490 13
2491 0
2492 22
2493 9
2494 21
2495 13
2496 23
2497 0
2498 12
2499 7
2500 5
2501 16
2502 14
2503 24
2504 16
2505 18
2506 20
2507 14
2508 1
2509 18
2510 16
2511 3
2512 11
2513 22
2514 21
2515 1
2516 2
2517 4
2518 1
2519 10
2520 13
2521 21
2522 10
2523 16
2524 0
2525 22
2526 20
2527 0
2528 14
2529 11
2530 10
2531 1
2532 1
2533 3
2534 13
2535 22
2536 21
2537 21
2538 19
2539 15
2540 18
2541 2
2542 13
2543 2
2544 13
2545 14
2546 19
2547 23
2548 20
2549 1
2550 7
2551 5
2552 6
2553 6
2554 21
2555 10
2556 22
2557 4
2558 16
2559 21
2560 17
2561 5
2562 9
2563 5
2564 8
2565 4
2566 10
2567 4
2568 18
2569 1
2570 12
2571 21
2572 22
2573 5
2574 10
2575 10
2576 15
2577 12
2578 8
2579 3
2580 8
2581 23
2582 18
2583 5
2584 0
2585 6
2586 5
2587 13
2588 11
2589 6
2590 20
2591 18
2592 12
2593 13
2594 11
2595 13
2596 21
2597 18
2598 12
2599 6
2600 19
2601 6
2602 23
2603 11
2604 2
2605 19
2606 24
2607 15
2608 19
2609 10
2610 20
2611 0
2612 2
2613 11
2614 14
2615 4
2616 19
2617 14
2618 21
2619 2
2620 23
2621 6
2622 14
2623 5
2624 1
2625 11
2626 19
2627 2
2628 2
2629 23
2630 13
2631 18
2632 5
2633 2
2634 19
2635 0
2636 4
2637 5
2638 22
2639 17
2640 1
2641 10
2642 3
2643 1
2644 22
2645 10
2646 1
2647 15
2648 11
2649 9
2650 1
2651 4
2652 19
2653 24
2654 12
2655 0
2656 8
2657 4
2658 22
2659 0
2660 6
2661 23
2662 11
2663 24
2664 5
2665 1
2666 2
2667 0
2668 13
2669 5
2670 3
2671 4
2672 6
2673 13
2674 1
2675 13
2676 17
2677 14
2678 22
2679 12
2680 14
2681 21
2682 3
2683 2
2684 6
2685 6
2686 3
2687 19
2688 4
2689 1
2690 4
2691 16
2692 4
2693 9
2694 24
2695 5
2696 15
2697 3
2698 14
2699 13
2700 21
2701 15
2702 17
2703 3
2704 16
2705 11
2706 7
2707 8
2708 4
2709 21
2710 1
2711 5
2712 17
2713 11
2714 3
2715 7
2716 8
2717 16
2718 20
2719 2
2720 23
2721 1
2722 0
2723 11
2724 10
2725 5
2726 24
2727 7
2728 2
2729 1
2730 12
2731 18
2732 23
2733 15
2734 20
2735 14
2736 16
2737 23
2738 21
2739 18
2740 9
2741 22
2742 5
2743 19
2744 9
2745 15
2746 24
2747 21
2748 1
2749 9
2750 1
2751 18
2752 24
2753 18
2754 15
2755 21
2756 2
2757 7
2758 12
2759 10
2760 4
2761 22
2762 14
2763 11
2764 24
2765 22
2766 24
2767 19
2768 24
2769 23
2770 2
2771 16
2772 13
2773 19
2774 15
2775 23
2776 14
2777 7
2778 12
2779 22
2780 0
2781 4
2782 16
2783 2
2784 23
2785 20
2786 6
2787 12
2788 11
2789 13
2790 21
2791 23
2792 12
2793 10
2794 15
2795 3
2796 4
2797 9
2798 24
2799 12
2800 13
2801 6
2802 16
2803 2
2804 24
2805 11
2806 1
2807 13
2808 20
2809 5
2810 15
2811 12
2812 22
2813 17
2814 17
2815 24
2816 21
2817 16
2818 9
2819 20
2820 19
2821 19
2822 11
2823 20
2824 5
2825 5
2826 19
2827 1
2828 20
2829 23
2830 11
2831 23
2832 15
2833 1
2834 20
2835 16
2836 23
2837 22
2838 10
2839 8
2840 7
2841 15
2842 15
2843 24
2844 18
2845 5
2846 16
2847 21
2848 10
2849 7
2850 18
2851 23
2852 24
2853 22
2854 9
2855 14
2856 23
2857 6
2858 0
2859 23
2860 7
2861 24
2862 7
2863 16
2864 13
2865 1
2866 10
2867 10
2868 0
2869 17
2870 11
2871 12
2872 9
2873 3
2874 18
2875 18
2876 6
2877 19
2878 5
2879 5
2880 2
2881 10
2882 10
2883 19
2884 10
2885 5
2886 18
2887 23
2888 21
2889 20
2890 6
2891 23
2892 21
2893 2
2894 24
2895 23
2896 11
2897 14
2898 12
2899 1
2900 19
2901 5
2902 11
2903 4
2904 5
2905 17
2906 8
2907 20
2908 22
2909 10
2910 22
2911 3
2912 11
2913 22
2914 15
2915 3
2916 3
2917 19
2918 17
2919 17
2920 10
2921 20
2922 18
2923 7
2924 11
2925 0
2926 5
2927 7
2928 5
2929 19
2930 13
2931 6
2932 11
2933 6
2934 24
2935 6
2936 24
2937 2
2938 6
2939 14
2940 6
2941 0
2942 14
2943 19
2944 11
2945 15
2946 18
2947 1
2948 6
2949 4
2950 14
2951 10
2952 11
2953 10
2954 11
2955 5
2956 16
2957 5
2958 8
2959 20
2960 16
2961 17
2962 7
2963 13
2964 19
2965 11
2966 0
2967 20
2968 12
2969 20
2970 12
2971 9
2972 4
2973 18
2974 14
2975 22
2976 24
2977 2
2978 19
2979 23
2980 9
2981 3
2982 24
2983 23
2984 15
2985 13
2986 15
2987 10
2988 24
2989 13
2990 14
2991 15
2992 10
2993 9
2994 2
2995 0
2996 14
2997 2
2998 4
2999 22
3000 14
3001 20
3002 21
3003 4
3004 0
3005 0
3006 11
3007 3
3008 18
3009 24
3010 12
3011 10
3012 4
3013 14
3014 12
3015 20
3016 7
3017 23
3018 14
3019 13
3020 12
3021 11
3022 16
3023 17
3024 24
3025 14
3026 20
3027 0
3028 8
3029 0
3030 16
3031 12
3032 9
3033 11
3034 18
3035 11
3036 2
3037 20
3038 0
3039 17
3040 22
3041 24
3042 14
3043 8
3044 2
3045 20
3046 9
3047 16
3048 7
3049 21
3050 2
3051 20
3052 13
3053 8
3054 7
3055 6
3056 14
3057 11
3058 18
3059 21
3060 12
3061 4
3062 15
3063 23
3064 2
3065 1
3066 1
3067 6
3068 24
3069 22
3070 20
3071 7
3072 12
3073 1
3074 21
3075 7
3076 6
3077 18
3078 20
3079 4
3080 15
3081 3
3082 11
3083 15
3084 23
3085 17
3086 3
3087 15
3088 1
3089 18
3090 6
3091 0
3092 17
3093 19
3094 15
3095 4
3096 9
3097 3
3098 14
3099 23
3100 2
3101 18
3102 2
3103 4
3104 21
3105 16
3106 19
3107 16
3108 20
3109 15
3110 20
3111 6
3112 2
3113 5
3114 7
3115 13
3116 20
3117 0
3118 21
3119 12
3120 19
3121 18
3122 19
3123 19
3124 15
3125 19
3126 20
3127 7
3128 15
3129 2
3130 14
3131 18
3132 4
3133 6
3134 0
3135 21
3136 8
3137 3
3138 3
3139 6
3140 17
3141 6
3142 12
3143 15
3144 15
3145 14
3146 13
3147 3
3148 2
3149 10
3150 18
3151 10
3152 14
3153 10
3154 2
3155 21
3156 23
3157 18
3158 10
3159 24
3160 0
3161 1
3162 0
3163 16
3164 15
3165 0
3166 13
3167 7
3168 8
3169 7
3170 14
3171 3
3172 18
3173 24
3174 4
3175 18
3176 6
3177 10
3178 11
3179 1
3180 17
3181 15
3182 16
3183 22
3184 13
3185 13
3186 20
3187 20
3188 5
3189 4
3190 1
3191 15
3192 0
3193 3
3194 10
3195 20
3196 6
3197 23
3198 12
3199 21
3200 14
3201 13
3202 22
3203 6
3204 14
3205 1
3206 8
3207 5
3208 12
3209 2
3210 24
3211 14
3212 8
3213 15
3214 10
3215 9
3216 6
3217 11
3218 20
3219 19
3220 15
3221 16
3222 8
3223 23
3224 18
3225 19
3226 10
3227 19
3228 12
3229 4
3230 4
3231 6
3232 4
3233 8
3234 5
3235 17
3236 24
3237 21
3238 17
3239 3
3240 13
3241 21
3242 13
3243 1
3244 0
3245 10
3246 21
3247 4
3248 13
3249 14
3250 15
3251 17
3252 7
3253 15
3254 14
3255 8
3256 10
3257 11
3258 18
3259 15
3260 8
3261 21
3262 5
3263 0
3264 13
3265 18
3266 19
3267 17
3268 1
3269 5
3270 1
3271 1
3272 2
3273 19
3274 6
3275 5
3276 18
3277 13
3278 18
3279 10
3280 4
3281 17
3282 24
3283 15
3284 22
3285 5
3286 15
3287 0
3288 17
3289 18
3290 21
3291 17
3292 13
3293 2
3294 20
3295 0
3296 24
3297 11
3298 15
3299 0
3300 1
3301 23
3302 22
3303 3
3304 1
3305 20
3306 2
3307 2
3308 18
3309 11
3310 17
3311 10
3312 23
3313 20
3314 17
3315 13
3316 17
3317 20
3318 13
3319 4
3320 5
3321 18
3322 8
3323 19
3324 10
3325 13
3326 1
3327 21
3328 18
3329 14
3330 19
3331 14
3332 16
3333 17
3334 22
3335 7
3336 10
3337 18
3338 18
3339 12
3340 15
3341 23
3342 7
3343 13
3344 12
3345 9
3346 8
3347 15
3348 10
3349 24
3350 3
3351 1
3352 2
3353 11
3354 23
3355 8
3356 9
3357 20
3358 24
3359 22
3360 7
3361 2
3362 3
3363 7
3364 18
3365 4
3366 16
3367 7
3368 5
3369 13
3370 11
3371 15
3372 8
3373 9
3374 0
3375 0
3376 1
3377 5
3378 16
3379 16
3380 21
3381 17
3382 4
3383 8
3384 24
3385 16
3386 20
3387 22
3388 17
3389 1
3390 8
3391 8
3392 19
3393 20
3394 18
3395 20
3396 5
3397 0
3398 4
3399 6
3400 16
3401 2
3402 15
3403 10
3404 1
3405 23
3406 1
3407 5
3408 2
3409 0
3410 2
3411 0
3412 14
3413 11
3414 3
3415 7
3416 18
3417 23
3418 12
3419 15
3420 21
3421 3
3422 17
3423 21
3424 5
3425 21
3426 16
3427 20
3428 0
3429 13
3430 19
3431 16
3432 23
3433 15
3434 7
3435 6
3436 24
3437 1
3438 9
3439 16
3440 15
3441 19
3442 3
3443 19
3444 2
3445 13
3446 10
3447 20
3448 19
3449 2
3450 2
3451 17
3452 1
3453 6
3454 7
3455 22
3456 7
3457 0
3458 21
3459 11
3460 13
3461 4
3462 23
3463 22
3464 18
3465 4
3466 15
3467 5
3468 1
3469 24
3470 3
3471 24
3472 1
3473 13
3474 7
3475 3
3476 10
3477 13
3478 10
3479 12
3480 9
3481 5
3482 5
3483 1
3484 23
3485 23
3486 7
3487 19
3488 22
3489 9
3490 23
3491 12
3492 13
3493 15
3494 5
3495 0
3496 23
3497 5
3498 4
3499 22
3500 6
3501 12
3502 16
3503 8
3504 12
3505 16
3506 13
3507 9
3508 15
3509 10
3510 11
3511 18
3512 0
3513 12
3514 6
3515 2
3516 2
3517 13
3518 5
3519 11
3520 11
3521 4
3522 16
3523 12
3524 7
3525 5
3526 2
3527 11
3528 8
3529 19
3530 12
3531 4
3532 2
3533 8
3534 10
3535 19
3536 2
3537 15
3538 14
3539 3
3540 6
3541 22
3542 21
3543 22
3544 17
3545 14
3546 17
3547 3
3548 18
3549 0
3550 6
3551 23
3552 21
3553 5
3554 2
3555 12
3556 1
3557 5
3558 7
3559 7
3560 21
3561 16
3562 9
3563 13
3564 14
3565 21
3566 17
3567 3
3568 0
3569 14
3570 3
3571 1
3572 9
3573 7
3574 1
3575 18
3576 10
3577 5
3578 11
3579 8
3580 17
3581 0
3582 0
3583 6
3584 20
3585 14
3586 4
3587 18
3588 11
3589 3
3590 12
3591 9
3592 15
3593 4
3594 12
3595 1
3596 12
3597 2
3598 7
3599 19
3600 4
3601 21
3602 1
3603 13
3604 12
3605 21
3606 5
3607 16
3608 3
3609 12
3610 16
3611 2
3612 24
3613 1
3614 16
3615 15
3616 14
3617 7
3618 6
3619 5
3620 7
3621 6
3622 21
3623 19
3624 8
3625 21
3626 20
3627 24
3628 6
3629 16
3630 19
3631 16
3632 4
3633 3
3634 6
3635 23
3636 3
3637 15
3638 19
3639 5
3640 0
3641 22
3642 22
3643 0
3644 3
3645 18
3646 16
3647 13
3648 7
3649 9
3650 0
3651 7
3652 17
3653 7
3654 21
3655 0
3656 11
3657 4
3658 23
3659 16
3660 0
3661 23
3662 9
3663 10
3664 13
3665 22
3666 10
3667 23
3668 0
3669 5
3670 1
3671 15
3672 7
3673 12
3674 19
3675 23
3676 13
3677 9
3678 4
3679 22
3680 15
3681 17
3682 0
3683 11
3684 7
3685 7
3686 7
3687 20
3688 8
3689 18
3690 14
3691 23
3692 17
3693 22
3694 20
3695 5
3696 6
3697 19
3698 22
3699 5
3700 15
3701 8
3702 9
3703 0
3704 16
3705 9
3706 14
3707 6
3708 16
3709 4
3710 10
3711 20
3712 2
3713 21
3714 14
3715 7
3716 2
3717 10
3718 24
3719 22
3720 5
3721 15
3722 14
3723 3
3724 17
3725 4
3726 13
3727 3
3728 21
3729 24
3730 1
3731 1
3732 16
3733 13
3734 12
3735 10
3736 10
3737 13
3738 11
3739 15
3740 7
3741 21
3742 13
3743 4
3744 24
3745 0
3746 11
3747 1
3748 24
3749 14
3750 11
3751 4
3752 21
3753 1
3754 9
3755 5
3756 0
3757 17
3758 17
3759 18
3760 18
3761 0
3762 18
3763 16
3764 22
3765 21
3766 16
3767 4
3768 24
3769 23
3770 22
3771 8
3772 7
3773 12
3774 22
3775 5
3776 12
3777 11
3778 23
3779 7
3780 17
3781 24
3782 9
3783 0
3784 20
3785 1
3786 10
3787 8
3788 5
3789 7
3790 4
3791 18
3792 24
3793 8
3794 4
3795 12
3796 10
3797 17
3798 21
3799 24
3800 18
3801 16
3802 16
3803 24
3804 6
3805 8
3806 4
3807 6
3808 0
3809 18
3810 23
3811 23
3812 20
3813 3
3814 8
3815 14
3816 1
3817 12
3818 1
3819 2
3820 18
3821 11
3822 17
3823 14
3824 4
3825 1
3826 21
3827 1
3828 3
3829 14
3830 9
3831 22
3832 8
3833 20
3834 20
3835 12
3836 0
3837 9
3838 3
3839 19
3840 16
3841 9
3842 23
3843 21
3844 20
3845 1
3846 8
3847 0
3848 3
3849 15
3850 1
3851 11
3852 16
3853 5
3854 2
3855 1
3856 9
3857 23
3858 24
3859 9
3860 16
3861 6
3862 13
3863 24
3864 18
3865 6
3866 2
3867 16
3868 14
3869 21
3870 0
3871 4
3872 23
3873 1
3874 19
3875 12
3876 8
3877 7
3878 5
3879 0
3880 5
3881 0
3882 23
3883 20
3884 9
3885 10
3886 2
3887 20
3888 12
3889 23
3890 23
3891 2
3892 9
3893 8
3894 22
3895 0
3896 9
3897 9
3898 10
3899 5
3900 2
3901 17
3902 19
3903 17
3904 16
3905 8
3906 4
3907 9
3908 14
3909 1
3910 22
3911 15
3912 24
3913 7
3914 0
3915 17
3916 20
3917 24
3918 14
3919 23
3920 0
3921 10
3922 4
3923 19
3924 7
3925 23
3926 4
3927 18
3928 17
3929 20
3930 7
3931 14
3932 7
3933 4
3934 20
3935 19
3936 9
3937 5
3938 20
3939 24
3940 4
3941 6
3942 19
3943 22
3944 5
3945 7
3946 3
3947 7
3948 4
3949 21
3950 13
3951 24
3952 9
3953 14
3954 15
3955 17
3956 2
3957 7
3958 0
3959 13
3960 2
3961 3
3962 2
3963 17
3964 4
3965 8
3966 15
3967 22
3968 23
3969 14
3970 24
3971 4
3972 10
3973 3
3974 19
3975 6
3976 16
3977 3
3978 3
3979 23
3980 16
3981 3
3982 7
3983 10
3984 8
3985 0
3986 5
3987 4
3988 11
3989 12
3990 12
3991 10
3992 14
3993 23
3994 12
3995 14
3996 18
3997 11
3998 1
3999 6
4000 22
4001 15
4002 24
4003 5
4004 2
4005 8
4006 6
4007 0
4008 22
4009 14
4010 21
4011 0
4012 19
4013 21
4014 5
4015 22
4016 11
4017 13
4018 24
4019 1
4020 17
4021 12
4022 14
4023 14
4024 3
4025 18
4026 3
4027 24
4028 10
4029 19
4030 24
4031 15
4032 2
4033 1
4034 6
4035 8
4036 21
4037 19
4038 0
4039 8
4040 6
4041 0
4042 14
4043 23
4044 22
4045 5
4046 13
4047 7
4048 18
4049 10
4050 19
4051 20
4052 24
4053 7
4054 5
4055 19
4056 0
4057 0
4058 8
4059 18
4060 12
4061 1
4062 23
4063 10
4064 23
4065 10
4066 2
4067 16
4068 8
4069 12
4070 1
4071 24
4072 20
4073 22
4074 13
4075 18
4076 18
4077 9
4078 22
4079 18
4080 20
4081 19
4082 3
4083 5
4084 19
4085 17
4086 18
4087 10
4088 1
4089 22
4090 17
4091 4
4092 10
4093 4
4094 10
4095 6
4096 3
4097 15
4098 13
4099 18
4100 9
4101 8
4102 9
4103 6
4104 14
4105 8
4106 12
4107 1
4108 17
4109 4
4110 21
4111 14
4112 19
4113 9
4114 16
4115 0
4116 19
4117 20
4118 1
4119 21
4120 17
4121 0
4122 22
4123 21
4124 24
4125 5
4126 22
4127 14
4128 23
4129 16
4130 6
4131 19
4132 18
4133 5
4134 0
4135 14
4136 6
4137 8
4138 12
4139 23
4140 6
4141 20
4142 24
4143 12
4144 4
4145 18
4146 8
4147 17
4148 17
4149 19
4150 23
4151 21
4152 11
4153 15
4154 13
4155 7
4156 17
4157 17
4158 18
4159 15
4160 2
4161 21
4162 14
4163 5
4164 24
4165 23
4166 13
4167 17
4168 9
4169 2
4170 21
4171 8
4172 24
4173 1
4174 6
4175 15
4176 1
4177 7
4178 12
4179 3
4180 8
4181 19
4182 3
4183 13
4184 16
4185 3
4186 18
4187 13
4188 16
4189 17
4190 16
4191 9
4192 19
4193 16
4194 6
4195 20
4196 6
4197 3
4198 15
4199 9
4200 15
4201 19
4202 7
4203 2
4204 2
4205 11
4206 21
4207 21
4208 15
4209 21
4210 24
4211 11
4212 3
4213 9
4214 16
4215 12
4216 0
4217 1
4218 20
4219 7
4220 24
4221 5
4222 24
4223 3
4224 18
4225 19
4226 2
4227 12
4228 17
4229 23
4230 11
4231 0
4232 23
4233 16
4234 3
4235 8
4236 9
4237 20
4238 22
4239 22
4240 15
4241 14
4242 10
4243 22
4244 24
4245 14
4246 14
4247 24
4248 7
4249 12
4250 4
4251 9
4252 10
4253 24
4254 8
4255 1
4256 9
4257 11
4258 4
4259 24
4260 4
4261 1
4262 8
4263 23
4264 12
4265 13
4266 17
4267 3
4268 7
4269 13
4270 3
4271 23
4272 9
4273 15
4274 24
4275 22
4276 14
4277 8
4278 22
4279 23
4280 18
4281 13
4282 8
4283 17
4284 14
4285 11
4286 2
4287 0
4288 24
4289 6
4290 0
4291 5
4292 20
4293 17
4294 19
4295 12
4296 8
4297 11
4298 5
4299 9
4300 10
4301 3
4302 0
4303 22
4304 1
4305 0
4306 16
4307 24
4308 19
4309 22
4310 19
4311 24
4312 6
4313 23
4314 0
4315 13
4316 19
4317 0
4318 15
4319 15
4320 9
4321 22
4322 20
4323 12
4324 14
4325 20
4326 22
4327 9
4328 14
4329 24
4330 4
4331 20
4332 15
4333 0
4334 20
4335 24
4336 1
4337 9
4338 17
4339 11
4340 0
4341 19
4342 11
4343 3
4344 8
4345 9
4346 14
4347 1
4348 15
4349 12
4350 9
4351 17
4352 24
4353 1
4354 14
4355 9
4356 10
4357 18
4358 0
4359 16
4360 10
4361 14
4362 3
4363 7
4364 3
4365 15
4366 1
4367 6
4368 23
4369 14
4370 9
4371 19
4372 23
4373 7
4374 6
4375 15
4376 10
4377 23
4378 19
4379 18
4380 21
4381 13
4382 1
4383 8
4384 17
4385 4
4386 14
4387 22
4388 24
4389 23
4390 16
4391 10
4392 13
4393 5
4394 14
4395 20
4396 20
4397 3
4398 1
4399 20
4400 17
4401 4
4402 16
4403 20
4404 9
4405 16
4406 3
4407 24
4408 15
4409 18
4410 20
4411 17
4412 5
4413 6
4414 18
4415 16
4416 6
4417 21
4418 0
4419 24
4420 3
4421 12
4422 16
4423 10
4424 21
4425 9
4426 5
4427 17
4428 14
4429 4
4430 21
4431 14
4432 21
4433 20
4434 13
4435 20
4436 10
4437 16
4438 14
4439 21
4440 13
4441 20
4442 2
4443 21
4444 12
4445 0
4446 8
4447 15
4448 4
4449 0
4450 7
4451 14
4452 20
4453 11
4454 16
4455 19
4456 16
4457 15
4458 17
4459 19
4460 4
4461 22
4462 17
4463 8
4464 2
4465 2
4466 11
4467 12
4468 1
4469 19
4470 4
4471 11
4472 1
4473 13
4474 7
4475 9
4476 17
4477 7
4478 23
4479 2
4480 6
4481 12
4482 2
4483 16
4484 24
4485 7
4486 16
4487 5
4488 1
4489 4
4490 4
4491 24
4492 3
4493 24
4494 9
4495 20
4496 18
4497 0
4498 15
4499 20
4500 13
4501 2
4502 5
4503 15
4504 16
4505 2
4506 4
4507 9
4508 13
4509 10
4510 21
4511 3
4512 9
4513 24
4514 18
4515 15
4516 4
4517 9
4518 1
4519 15
4520 9
4521 1
4522 2
4523 20
4524 1
4525 18
4526 24
4527 4
4528 9
4529 19
4530 3
4531 7
4532 16
4533 1
4534 11
4535 11
4536 2
4537 24
4538 22
4539 2
4540 0
4541 20
4542 1
4543 19
4544 13
4545 12
4546 20
4547 6
4548 15
4549 3
4550 16
4551 23
4552 0
4553 21
4554 2
4555 4
4556 11
4557 13
4558 1
4559 7
4560 7
4561 1
4562 23
4563 19
4564 24
4565 19
4566 15
4567 5
4568 18
4569 24
4570 19
4571 0
4572 4
4573 23
4574 18
4575 20
4576 14
4577 12
4578 16
4579 23
4580 23
4581 0
4582 18
4583 14
4584 2
4585 8
4586 19
4587 4
4588 19
4589 6
4590 0
4591 2
4592 19
4593 6
4594 4
4595 20
4596 23
4597 20
4598 8
4599 9
4600 1
4601 9
4602 10
4603 4
4604 1
4605 6
4606 16
4607 3
4608 15
4609 24
4610 7
4611 22
4612 4
4613 13
4614 8
4615 0
4616 3
4617 6
4618 5
4619 12
4620 12
4621 22
4622 16
4623 19
4624 21
4625 13
4626 18
4627 15
4628 12
4629 1
4630 5
4631 11
4632 24
4633 11
4634 18
4635 9
4636 17
4637 8
4638 21
4639 19
4640 11
4641 18
4642 20
4643 13
4644 4
4645 20
4646 17
4647 13
4648 19
4649 10
4650 19
4651 18
4652 20
4653 23
4654 20
4655 13
4656 12
4657 1
4658 16
4659 10
4660 22
4661 1
4662 3
4663 21
4664 2
4665 17
4666 3
4667 21
4668 6
4669 20
4670 3
4671 15
4672 3
4673 20
4674 19
4675 20
4676 2
4677 0
4678 24
4679 0
4680 7
4681 3
4682 12
4683 14
4684 8
4685 1
4686 14
4687 21
4688 23
4689 3
4690 10
4691 14
4692 1
4693 8
4694 17
4695 0
4696 18
4697 0
4698 13
4699 24
4700 13
4701 21
4702 16
4703 1
4704 0
4705 0
4706 10
4707 22
4708 4
4709 18
4710 13
4711 3
4712 19
4713 16
4714 22
4715 24
4716 16
4717 9
4718 14
4719 2
4720 16
4721 12
4722 8
4723 24
4724 5
4725 11
4726 6
4727 14
4728 15
4729 17
4730 8
4731 8
4732 24
4733 10
4734 19
4735 8
4736 11
4737 6
4738 23
4739 18
4740 9
4741 9
4742 20
4743 12
4744 2
4745 2
4746 20
4747 12
4748 1
4749 22
4750 21
4751 20
4752 8
4753 9
4754 18
4755 14
4756 0
4757 23
4758 10
4759 22
4760 16
4761 21
4762 4
4763 8
4764 11
4765 15
4766 5
4767 0
4768 11
4769 7
4770 18
4771 4
4772 4
4773 19
4774 21
4775 3
4776 4
4777 6
4778 14
4779 8
4780 10
4781 3
4782 11
4783 4
4784 23
4785 19
4786 6
4787 3
4788 3
4789 2
4790 17
4791 7
4792 6
4793 18
4794 21
4795 9
4796 12
4797 24
4798 11
4799 12
4800 11
4801 5
4802 12
4803 19
4804 0
4805 21
4806 4
4807 17
4808 22
4809 13
4810 23
4811 5
4812 14
4813 9
4814 22
4815 22
4816 7
4817 11
4818 23
4819 9
4820 16
4821 11
4822 20
4823 1
4824 4
4825 18
4826 22
4827 5
4828 6
4829 20
4830 5
4831 2
4832 20
4833 9
4834 20
4835 9
4836 8
4837 0
4838 10
4839 17
4840 11
4841 7
4842 9
4843 23
4844 1
4845 14
4846 21
4847 3
4848 7
4849 3
4850 16
4851 21
4852 13
4853 13
4854 22
4855 20
4856 2
4857 21
4858 3
4859 6
4860 6
4861 23
4862 9
4863 18
4864 4
4865 22
4866 22
4867 5
4868 1
4869 5
4870 14
4871 15
4872 3
4873 1
4874 9
4875 19
4876 0
4877 7
4878 16
4879 3
4880 17
4881 22
4882 1
4883 8
4884 10
4885 14
4886 11
4887 9
4888 4
4889 24
4890 13
4891 6
4892 13
4893 13
4894 24
4895 15
4896 2
4897 10
4898 23
4899 1
4900 20
4901 2
4902 16
4903 13
4904 3
4905 3
4906 1
4907 18
4908 6
4909 10
4910 14
4911 23
4912 3
4913 23
4914 11
4915 7
4916 23
4917 4
4918 10
4919 24
4920 17
4921 21
4922 18
4923 13
4924 7
4925 7
4926 2
4927 10
4928 14
4929 9
4930 12
4931 21
4932 11
4933 15
4934 5
4935 1
4936 20
4937 4
4938 19
4939 24
4940 13
4941 21
4942 20
4943 16
4944 1
4945 19
4946 13
4947 19
4948 7
4949 4
4950 18
4951 19
4952 12
4953 17
4954 3
4955 14
4956 22
4957 6
4958 6
4959 18
4960 16
4961 24
4962 4
4963 19
4964 1
4965 0
4966 16
4967 1
4968 1
4969 3
4970 10
4971 12
4972 3
4973 17
4974 17
4975 9
4976 23
4977 20
4978 18
4979 11
4980 21
4981 18
4982 19
4983 11
4984 17
4985 20
4986 2
4987 18
4988 21
4989 17
4990 22
4991 9
4992 23
4993 7
4994 24
4995 9
4996 15
4997 11
4998 21
4999 13
5000 22
